image: /home/user/karto_fai1.pgm
resolution: 0.050000
origin: [-3.508070, -2.556499, 0.000000]
negate: 0
occupied_thresh: 0.65
free_thresh: 0.196

